0.96375,-0.2551,1
-0.93013,-1.994,-1
-1.023,-1.1221,-1
-1.3386,-0.44764,-1
0.42866,0.89742,1
0.46029,1.0684,-1
1.71,-1.0372,-1
1.8329,-1.8581,-1
1.2072,1.8092,-1
0.45062,0.12194,1
1.5536,-1.3583,-1
0.075521,-0.54899,1
-0.14668,-0.88955,1
-1.0152,0.32281,-1
1.0319,0.56346,-1
0.37945,-1.5245,-1
-1.9805,-1.8748,-1
0.61279,-0.076663,1
1.8213,-1.3836,-1
-0.0050512,1.7064,-1
0.4184,-0.35108,1
0.85401,-0.38462,1
-1.7481,-1.3873,-1
-1.2702,1.5003,-1
1.5121,1.5093,-1
1.1426,-1.6286,-1
1.7548,-0.66963,-1
-0.79915,0.77397,-1
1.4288,-1.3164,-1
1.2709,-0.61631,-1
1.3216,-0.53972,-1
-0.2582,-0.63336,1
0.16234,1.6616,-1
1.6544,-1.3151,-1
0.39089,-1.2265,-1
-1.9725,1.8648,-1
-0.91065,-0.15584,1
-1.4501,0.93951,-1
0.8348,-1.6528,-1
-1.834,-1.1387,-1
-0.25302,0.28228,1
0.72143,-0.70574,-1
0.20697,1.829,-1
-1.2882,0.36157,-1
-1.6578,-1.5194,-1
-1.2529,-0.89313,-1
-0.52494,-1.4173,-1
1.7244,0.87656,-1
0.78655,1.0206,-1
-1.3346,1.3917,-1
1.094,-1.3565,-1
-0.34719,-0.29228,1
0.83445,1.2066,-1
-0.67145,-1.1745,-1
0.20423,0.62775,1
1.9859,-0.83936,-1
0.66873,0.74321,1
1.5558,-0.76483,-1
-0.56697,1.7708,-1
-0.26394,-1.0444,-1
0.9322,0.79512,-1
1.9781,-1.4403,-1
-0.093419,-0.21927,1
-0.67377,0.58418,1
0.42138,-1.6595,-1
1.0926,0.048055,-1
-0.45741,-1.0033,-1
-1.1845,-0.49886,-1
-0.4533,0.35876,1
-1.7399,1.9807,-1
-0.27072,-1.8466,-1
0.75894,-0.93726,-1
0.02625,-0.79124,1
0.86767,-1.1754,-1
-0.79513,0.5348,1
0.82403,0.86233,-1
1.6608,0.14201,-1
0.82319,-1.7015,-1
-1.4675,-1.3866,-1
0.66187,0.73463,1
-0.49774,-0.66488,1
0.0097675,1.3679,-1
-0.40397,1.792,-1
1.8417,1.0067,-1
-1.5373,-1.8912,-1
0.24488,0.9764,-1
-0.1311,-0.65298,1
-1.3643,1.2054,-1
0.10079,-1.3324,-1
-0.72104,0.54675,1
1.1254,-1.427,-1
-1.7483,1.2804,-1
0.48937,-1.2861,-1
0.54822,-1.2825,-1
-1.6756,-1.3933,-1
1.3853,-0.26151,-1
1.4477,1.52,-1
1.0349,-0.0019203,-1
1.7509,0.27205,-1
0.59047,-1.6498,-1
1.9841,-0.22418,-1
0.94486,0.81828,-1
-1.7701,1.9272,-1
-1.9626,-0.56757,-1
1.3237,-1.5387,-1
-0.65997,-0.9595,-1
-0.92411,1.9811,-1
-1.5668,1.35,-1
-1.2733,1.0003,-1
-0.46478,1.0582,-1
1.3484,1.9028,-1
1.0468,1.5343,-1
1.949,0.56365,-1
0.844,1.6183,-1
-0.62063,1.2429,-1
0.15037,0.42416,1
0.97673,1.4294,-1
1.7176,-1.3724,-1
-1.4864,-0.70635,-1
-1.1161,0.025893,-1
-0.68795,-0.42693,1
-0.64746,-0.87717,-1
1.4692,1.5539,-1
0.70287,-0.77627,-1
-1.9321,1.3083,-1
0.069757,-1.2675,-1
0.049182,1.4042,-1
-0.41584,-0.81572,1
1.6828,-1.8753,-1
1.967,-0.51605,-1
0.21878,-0.4593,1
0.28321,1.4261,-1
-1.0715,1.6902,-1
1.1928,-0.97298,-1
-1.0486,0.31317,-1
0.29324,-0.6909,1
0.47773,-0.10164,1
-0.18509,0.97237,1
1.0177,0.68328,-1
0.26348,-1.7444,-1
1.1115,1.6073,-1
0.93677,0.8837,-1
1.8616,-0.22682,-1
1.052,-1.3106,-1
0.26744,-0.33624,1
0.39878,-1.9971,-1
0.36512,0.18617,1
1.8466,0.25721,-1
-0.23353,-1.7397,-1
0.76992,-0.45322,1
-1.0566,0.01986,-1
1.0825,1.4743,-1
-1.36,0.99405,-1
-1.6854,0.98286,-1
-0.75738,1.3917,-1
-0.70302,-1.0516,-1
-1.2924,-0.64988,-1
-1.016,1.8565,-1
1.9674,-1.4259,-1
0.44522,-1.5859,-1
-0.067984,1.6346,-1
-1.0229,-1.5393,-1
1.8956,0.97748,-1
0.86166,0.89866,-1
0.79356,-1.5111,-1
-1.3006,1.9396,-1
-0.11845,-1.1674,-1
1.2204,-1.001,-1
-1.5612,-0.055041,-1
1.18,-0.82902,-1
1.4721,0.86599,-1
-1.6106,0.29677,-1
-1.7366,0.8441,-1
-1.7589,-1.5968,-1
-0.17988,-0.7445,1
1.5177,1.7131,-1
-0.60859,1.5717,-1
-0.25325,0.39482,1
-1.4752,-0.013413,-1
0.6136,1.3028,-1
0.14996,1.2631,-1
0.91645,-1.4352,-1
-1.4715,0.41866,-1
1.5768,1.1623,-1
-0.16821,0.99434,-1
-1.5975,-1.9607,-1
-0.39585,-1.2264,-1
1.4731,-0.46083,-1
1.8298,-0.24497,-1
-1.9144,1.5692,-1
1.7798,1.7211,-1
1.6876,0.40946,-1
0.44385,0.9159,-1
-0.039323,1.5775,-1
-0.221,-0.55264,1
-0.41273,-1.1852,-1
-1.3924,0.12112,-1
1.4807,1.7088,-1
-0.057303,-1.1602,-1
1.4396,1.9281,-1
0.91286,-0.33454,1
0.17027,-0.92535,1
0.52303,0.92296,-1
-0.92369,0.13644,1
0.36725,-0.49955,1
1.4652,-0.47038,-1
1.7022,-1.1314,-1
1.8045,1.3806,-1
-1.7332,-1.713,-1
1.7846,-0.54992,-1
-0.013467,-1.5617,-1
-1.7279,1.6543,-1
-1.3854,-1.838,-1
-0.81571,-1.0883,-1
-1.325,-0.59505,-1
0.94078,1.5639,-1
1.5188,-0.064151,-1
1.4057,-1.1623,-1
0.68812,-0.72739,-1
1.194,1.5971,-1
-1.5981,-1.9721,-1
0.090674,-1.3045,-1
-1.7652,1.071,-1
1.2546,-1.2977,-1
-0.61726,0.029359,1
1.3157,-0.82479,-1
0.89985,1.493,-1
-0.65082,1.2939,-1
-1.1541,1.9953,-1
-0.64064,-0.50183,1
-0.16283,0.032378,1
0.11499,0.99399,-1
-0.39518,-0.40034,1
1.0077,1.7266,-1
-1.8922,-0.28926,-1
-0.5014,-1.8311,-1
-1.2533,-1.3698,-1
-0.51207,-0.55459,1
-0.67661,-1.7646,-1
-1.926,1.3734,-1
0.74092,1.5599,-1
0.68935,-1.7644,-1
1.3321,-1.19,-1
-0.25445,-1.6505,-1
0.54297,0.29229,1
0.66046,-0.25204,1
-0.57691,-1.6448,-1
-0.72586,1.1029,-1
0.75909,0.93571,-1
-1.8947,-1.4191,-1
1.7597,0.46331,-1
0.50617,1.1928,-1
-1.4596,1.2809,-1
1.7541,-0.5255,-1
-0.12857,1.2397,-1
1.7328,-1.7573,-1
1.893,-1.637,-1
-0.86255,1.2223,-1
0.15524,0.18792,1
-1.9497,1.5805,-1
-1.3714,-1.2526,-1
-0.59341,1.3298,-1
1.0925,-1.7494,-1
-0.7192,0.40012,1
0.21391,-1.7597,-1
-0.47951,-1.0659,-1
1.0008,-1.1212,-1
1.9403,-0.963,-1
-0.21153,0.39714,1
-1.7015,0.77966,-1
-1.5982,1.6885,-1
-0.6551,0.6223,1
-0.83116,0.53457,1
1.6679,-0.39281,-1
0.019049,-0.56863,1
0.3169,-0.18405,1
-1.7933,1.3557,-1
-0.93293,-0.43995,-1
1.1315,1.5587,-1
0.15211,1.2458,-1
1.759,1.289,-1
0.15044,1.4596,-1
-0.3482,-0.64502,1
1.8564,-1.7469,-1
0.3965,-0.93255,-1
1.7651,-1.6297,-1
1.044,0.68524,-1
-1.5565,1.7797,-1
-0.85947,0.62524,-1
-1.1496,-0.33456,-1
-0.34093,-1.0336,-1
0.0066847,-0.59603,1
1.3648,0.79896,-1
1.1184,-0.045132,-1
0.33462,1.2815,-1
0.07593,-0.68015,1
-0.80368,-1.6237,-1
0.76061,1.327,-1
0.51164,-0.29329,1
1.1056,-0.9722,-1
1.472,0.42357,-1
-1.8942,0.3085,-1
0.46207,1.8458,-1
-1.2068,-1.7465,-1
1.4591,0.87774,-1
1.7128,1.608,-1
1.389,-1.2193,-1
-1.8448,1.5907,-1
0.10888,1.2864,-1
-0.54471,0.66378,1
-1.7195,0.6267,-1
-1.007,0.14217,-1
-1.7637,-1.4078,-1
-1.0746,0.46149,-1
1.7418,-0.50434,-1
1.2269,-0.24507,-1
-1.8477,0.39666,-1
1.8726,1.5119,-1
1.7202,-1.5363,-1
-1.8163,1.943,-1
-0.68192,1.429,-1
0.86608,-0.23358,1
-1.8742,1.3265,-1
-1.0286,-0.82942,-1
-0.77386,0.043744,1
1.336,1.0049,-1
0.087315,-0.47869,1
-1.5381,-0.93493,-1
-1.4428,-0.94958,-1
-0.38184,0.3305,1
-1.3627,-0.22752,-1
1.7778,-0.21409,-1
-1.4806,1.9148,-1
-1.0889,1.1654,-1
-1.893,-1.1541,-1
1.5632,1.7943,-1
0.8836,-1.7658,-1
-1.1838,-1.9042,-1
-0.63766,-1.1661,-1
0.38516,-0.82286,1
0.44994,-0.53589,1
-1.737,1.4003,-1
-1.2937,1.767,-1
-1.3062,-1.7448,-1
1.4259,-0.3617,-1
0.31815,1.7898,-1
-1.1927,-1.1086,-1
0.70171,-1.8097,-1
-1.6021,-1.9711,-1
-1.9836,-1.1201,-1
0.24681,0.69376,1
-0.57412,-1.4726,-1
-0.27209,0.81739,1
-0.90371,-0.46046,-1
0.023227,-0.55135,1
-0.94816,1.8504,-1
-1.9767,-1.6497,-1
1.7,-0.97736,-1
-0.022029,-0.34953,1
-1.1157,0.81571,-1
1.5402,0.99191,-1
-1.5187,-1.8503,-1
0.12797,1.1254,-1
-1.3187,-0.73213,-1
1.8624,-0.34231,-1
1.7805,-1.6484,-1
-0.033347,-0.6025,1
-1.331,-1.4823,-1
0.84355,-0.78269,-1
1.0271,1.7849,-1
-0.080515,1.0805,-1
1.346,1.2852,-1
1.3483,-1.5409,-1
0.2813,-1.1868,-1
1.1323,0.37039,-1
-0.09701,-1.9572,-1
1.1107,-0.91275,-1
1.584,0.64361,-1
1.8257,-1.197,-1
-1.4748,0.74289,-1
0.50566,-1.5709,-1
0.99835,-0.21202,-1
-1.2365,-1.4918,-1
-0.22497,0.079098,1
-0.83201,-0.9729,-1
-0.25591,-1.3603,-1
0.71979,-0.31314,1
-0.98802,0.23477,-1
1.4886,-0.79736,-1
0.14481,0.94232,1
1.6495,-0.6393,-1
-0.13634,-1.8212,-1
-0.50746,-0.36726,1
0.77396,-0.71127,-1
1.0277,-0.56674,-1
1.6338,-1.7831,-1
-1.7508,0.99403,-1
1.1338,-1.681,-1
-1.3285,-0.82983,-1
1.3314,-0.33373,-1
-1.4822,0.79913,-1
-0.031809,-1.0836,-1
1.3575,1.1959,-1
0.31428,1.0432,-1
-0.89748,-0.63699,-1
-0.55063,-1.0759,-1
0.13737,0.83513,1
1.7528,-0.37421,-1
-0.86675,1.7799,-1
0.55923,0.61475,1
-1.849,-1.5864,-1
1.0288,1.1232,-1
-1.2504,0.78987,-1
0.038516,-1.5689,-1
0.36814,-1.1746,-1
-1.0437,1.7339,-1
-0.056736,-1.1812,-1
1.6825,-1.8379,-1
-0.54987,0.1696,1
-1.7458,-1.9825,-1
0.42606,0.30359,1
-1.3036,-0.21544,-1
0.52505,1.386,-1
-0.57273,0.37367,1
0.76429,-1.7868,-1
-1.7799,0.75037,-1
-0.69249,-1.4854,-1
0.45126,1.7661,-1
1.9313,-1.8441,-1
-0.18135,0.82181,1
-0.98669,1.0633,-1
-1.8511,0.80459,-1
0.25908,-0.42094,1
-1.8172,1.5741,-1
1.7511,-0.12101,-1
-0.18432,0.46236,1
1.4786,-1.477,-1
1.7082,1.341,-1
0.72609,-0.21291,1
-0.57103,1.6866,-1
1.2066,1.0816,-1
0.30503,-1.1396,-1
0.72106,-1.4348,-1
0.32971,-1.5481,-1
1.6362,-1.1011,-1
1.5935,-1.1124,-1
-0.17466,-1.1122,-1
-1.2713,-0.21179,-1
-0.68862,-0.76117,-1
-1.9048,1.2728,-1
-1.9713,0.34912,-1
1.2141,1.4848,-1
-1.0298,0.9419,-1
1.1703,0.8084,-1
1.196,1.4173,-1
-1.1799,-1.4643,-1
-0.033168,-1.486,-1
1.4002,-0.17028,-1
0.50271,-0.84199,1
-1.1409,0.68349,-1
1.8911,-1.0733,-1
0.14754,-1.1639,-1
1.3386,0.43948,-1
1.2622,0.44927,-1
0.21931,1.9801,-1
-0.28589,1.9591,-1
-0.83078,0.89137,-1
1.2106,1.3136,-1
1.9551,-0.53779,-1
0.033545,-1.4157,-1
-1.2368,1.13,-1
0.16464,0.58578,1
-1.0052,1.9659,-1
-0.43382,1.1001,-1
-1.1736,1.8818,-1
1.1431,-1.4166,-1
-0.10731,0.87223,1
-0.10806,-0.8501,1
0.87277,0.41227,1
-1.488,-0.12746,-1
1.8032,0.27454,-1
0.93936,1.6614,-1
0.47455,-0.3335,1
0.24652,-1.6449,-1
-1.0889,1.0699,-1
1.5403,-0.51156,-1
0.056128,-0.045988,1
-0.32544,-0.82854,1
1.1012,0.44872,-1
0.78886,1.3966,-1
1.9611,0.55438,-1
0.37164,-0.0085004,1
-1.3747,1.6866,-1
-1.4768,-0.61127,-1
-1.3186,-1.9117,-1
-1.7359,-1.8067,-1
-0.49889,1.1846,-1
0.90544,1.8836,-1
-0.44359,0.96662,-1
-1.8559,-0.88486,-1
-1.9774,0.85631,-1
0.62465,-1.6076,-1
1.0106,1.6559,-1
-1.7295,1.1387,-1
-0.64292,-1.3927,-1
-0.010432,-0.31565,1
-0.7527,1.8194,-1
0.68807,-1.2421,-1
1.2336,-0.90633,-1
0.70762,-1.7849,-1
1.7229,-1.4063,-1
0.55567,-1.6779,-1
0.29165,0.84605,1
1.9627,-1.7199,-1
-1.7818,0.096587,-1
-1.6598,1.1127,-1
1.845,-1.714,-1
-0.37827,0.64538,1
0.74112,-0.26053,1
-0.37584,-0.42327,1
1.98,0.41755,-1
1.3516,1.9853,-1
-1.016,-1.4888,-1
-0.33409,-1.208,-1
-0.52009,1.5511,-1
1.1672,-1.7593,-1
-1.8716,-1.6669,-1
1.1859,0.34333,-1
-1.8638,-1.8483,-1
-1.9261,-1.5859,-1
-0.2102,-0.40336,1
1.3501,0.15084,-1
1.184,-1.1365,-1
1.7475,-0.45733,-1
-1.1948,1.6551,-1
1.4507,-0.55147,-1
-0.97678,0.16682,1
-1.7613,-1.2687,-1
1.8747,-0.63399,-1
-1.738,1.4051,-1
-1.0818,1.8573,-1
-1.8677,0.14671,-1
-1.4887,1.5505,-1
0.72014,0.99884,-1
-1.8868,-1.441,-1
1.4076,-1.9816,-1
-0.87111,1.165,-1
-0.31204,0.055974,1
0.61325,-1.0759,-1
1.6864,0.81451,-1
-0.8306,0.60299,-1
1.8672,1.4726,-1
1.1177,-0.60888,-1
-1.6547,-0.67741,-1
-1.2844,-0.82492,-1
-1.2388,-1.9467,-1
-1.6033,-0.88127,-1
1.6396,1.4313,-1
-1.8063,-1.3956,-1
1.6401,0.20998,-1
-1.5118,-1.756,-1
-0.58535,1.3849,-1
-1.0729,1.8512,-1
0.2429,-0.7956,1
0.29324,-1.0671,-1
-0.78892,1.7404,-1
1.0938,1.3686,-1
-1.9445,1.1192,-1
-0.93135,0.030398,1
1.7283,0.32977,-1
1.3532,0.34585,-1
-1.9085,-0.31789,-1
1.8624,1.3324,-1
-0.40835,-1.379,-1
0.060916,-1.5626,-1
0.92662,0.092926,1
0.21292,0.21128,1
1.933,-1.3451,-1
0.13741,-1.4025,-1
0.56524,-1.759,-1
-0.6535,-0.26993,1
1.9293,-0.040579,-1
1.5441,-1.979,-1
-1.5732,-0.95425,-1
0.48128,-0.62968,1
1.4845,-1.9462,-1
0.35531,0.8033,1
1.0624,1.3969,-1
0.99115,-0.3177,-1
-1.495,1.244,-1
0.54696,1.9597,-1
1.6143,-0.26724,-1
-0.66498,1.8487,-1
-0.036448,-0.25903,1
-1.0985,-1.1702,-1
1.056,-1.1903,-1
-0.38083,1.0239,-1
1.8404,1.7773,-1
0.44958,1.4419,-1
-0.58567,-0.37318,1
-1.1661,1.8055,-1
-1.6931,-0.12302,-1
0.34116,0.82911,1
-0.94496,-0.037368,1
0.33487,-0.53738,1
-1.8524,0.45514,-1
1.5861,0.61379,-1
-1.2989,-1.1441,-1
0.88376,0.23484,1
-1.5256,1.8252,-1
-0.092837,1.535,-1
0.97079,1.8853,-1
0.1342,0.52722,1
0.54042,-0.37634,1
1.8296,-0.2248,-1
-1.0279,-1.9728,-1
0.51535,-0.66067,1
0.98459,1.0782,-1
1.4101,0.58443,-1
0.68343,-0.20791,1
1.8751,1.7611,-1
-1.9885,1.9144,-1
-1.6801,-0.031277,-1
0.27082,-0.23324,1
-0.65038,1.1906,-1
0.428,-1.518,-1
-1.5023,1.3094,-1
0.32646,0.98515,-1
1.472,0.34729,-1
-1.4772,-0.78805,-1
-0.54518,0.34035,1
-1.6438,0.2995,-1
-1.2691,-1.1741,-1
0.45081,-1.7716,-1
1.7064,-1.0819,-1
0.95283,1.9561,-1
-1.979,1.2256,-1
-0.18613,-1.828,-1
0.2117,0.16959,1
-0.55741,-0.94122,-1
-1.8997,0.036464,-1
0.68847,0.32844,1
0.70945,-1.8177,-1
-0.4861,1.5033,-1
-0.26223,-0.064198,1
0.1318,-1.2232,-1
-1.7923,1.9253,-1
-1.0743,1.6105,-1
-0.29571,0.51124,1
-1.4289,-0.52416,-1
1.9525,1.7134,-1
1.3924,1.594,-1
1.7123,-1.7918,-1
1.4899,-1.6476,-1
-0.42158,-1.0455,-1
-0.49194,-0.66246,1
-1.897,1.4172,-1
1.099,-1.9397,-1
-0.59122,-0.96615,-1
-1.2077,0.88503,-1
0.7575,-1.646,-1
-1.1518,1.448,-1
-1.554,-1.3334,-1
1.7699,-0.19373,-1
1.4207,-0.86489,-1
1.4511,0.19094,-1
-1.4965,1.8858,-1
-1.082,-1.4048,-1
1.3776,1.4733,-1
1.2273,-0.046318,-1
-0.8941,0.36362,1
-0.75505,-1.9864,-1
-0.47758,-0.057775,1
-0.32609,0.92579,1
-1.7363,0.14789,-1
1.7886,1.9461,-1
1.161,0.0062079,-1
0.60857,-1.8011,-1
1.9011,-1.5581,-1
-1.477,-0.11413,-1
0.063344,-1.3395,-1
0.12729,-0.17792,1
-1.4725,0.46748,-1
0.57653,-1.5401,-1
-0.37077,-1.6697,-1
0.76689,-1.924,-1
0.78107,-1.6511,-1
-0.79296,-0.3435,1
1.3283,-0.2319,-1
1.0818,1.4249,-1
1.9475,-1.0379,-1
0.4487,1.3734,-1
-0.53745,-0.50064,1
-1.397,-1.9239,-1
1.9028,0.98446,-1
0.82505,-1.3422,-1
1.0663,-1.9202,-1
-1.2906,0.34137,-1
-1.0379,1.1964,-1
1.618,0.72642,-1
0.93519,-0.80754,-1
1.4987,0.14034,-1
-0.92906,-1.3012,-1
1.4073,0.12903,-1
1.3134,-1.1514,-1
1.5182,0.73756,-1
-1.785,-0.44736,-1
-0.99588,-1.0816,-1
1.4151,0.30053,-1
1.8118,-1.4769,-1
-1.4736,-0.86057,-1
-0.79648,-1.6944,-1
-1.7924,-0.44263,-1
0.18577,1.4819,-1
-0.25322,0.44692,1
-1.2129,-0.53299,-1
-1.1815,0.5806,-1
-1.6394,0.46827,-1
-1.9819,-0.64925,-1
-1.2515,-1.3378,-1
0.6054,1.7799,-1
0.3829,0.039843,1
1.7692,1.8149,-1
0.56081,-0.12038,1
-0.2033,1.7316,-1
-0.49271,1.1669,-1
-1.9648,-0.022896,-1
-1.1333,-1.9453,-1
-0.22723,-1.0391,-1
-0.64253,-0.24848,1
-1.4394,1.5519,-1
-1.6464,1.6529,-1
-1.9851,0.49462,-1
1.1907,-0.12315,-1
-0.82535,1.2966,-1
0.84541,-0.54942,-1
-0.22601,0.66702,1
-0.81564,-0.60683,-1
-0.95175,-1.5049,-1
-0.89903,-0.13429,1
-1.7052,-1.8397,-1
1.1688,0.18689,-1
-0.7983,1.8512,-1
-1.7987,-1.2616,-1
-0.65563,-1.8319,-1
1.4495,-0.21743,-1
-1.3926,-0.41703,-1
-0.76182,1.8807,-1
0.12348,0.6774,1
0.15729,0.92069,1
1.178,-1.5614,-1
-1.7569,-0.020134,-1
1.3707,1.7017,-1
1.7242,0.68855,-1
1.037,-0.30655,-1
-1.5266,-0.72468,-1
-1.4961,1.9671,-1
-0.79999,1.0176,-1
-0.49325,-0.69777,1
0.62487,-0.48723,1
1.3867,0.27367,-1
1.114,0.92942,-1
0.79532,-0.3602,1
-0.085084,0.45461,1
-0.43127,1.888,-1
0.19675,1.4246,-1
0.38011,-0.46043,1
-1.7615,-0.9075,-1
1.6768,1.3378,-1
-0.069677,-0.031019,1
-1.7057,-0.11702,-1
-0.62878,-1.419,-1
0.16286,-1.5988,-1
0.42035,-0.78816,1
1.1071,1.9338,-1
0.64593,-1.6892,-1
0.62285,-0.94992,-1
0.31128,-0.54865,1
-0.85022,0.57337,-1
1.1093,-1.6146,-1
0.086576,-1.9013,-1
-0.11758,-0.75329,1
-1.5056,1.8168,-1
1.3674,1.6212,-1
-1.3786,0.91359,-1
1.0666,0.62286,-1
-1.8079,0.46486,-1
1.0544,-1.1455,-1
-0.59797,0.83095,-1
-0.16048,-1.25,-1
-1.8059,1.5752,-1
-0.82678,-1.7676,-1
0.98139,-0.70787,-1
1.7041,1.414,-1
1.0106,-1.5137,-1
-1.4191,1.0002,-1
-0.61207,-0.10933,1
1.575,-0.78982,-1
-1.4329,0.40929,-1
1.4048,-1.1504,-1
-0.089862,0.78318,1
1.704,-0.81591,-1
0.16564,-1.2329,-1
0.1124,-0.70734,1
1.3683,1.7335,-1
-1.2814,0.67047,-1
-0.89532,1.0056,-1
-1.3748,1.8912,-1
1.1364,-0.28836,-1
0.45434,-0.78947,1
0.52421,1.4185,-1
0.92521,-0.41174,-1
-1.5266,0.93748,-1
1.8959,0.56437,-1
-1.5021,1.4609,-1
1.6069,-0.43719,-1
-1.6832,1.9747,-1
1.4964,-0.74077,-1
0.41944,-1.8385,-1
1.3902,-0.61669,-1
0.86071,1.3205,-1
1.8395,1.2877,-1
-1.2255,-0.68918,-1
-1.6994,1.6667,-1
-1.6635,0.51699,-1
1.8442,-1.7127,-1
1.861,0.71483,-1
1.7291,-0.56244,-1
0.74763,-1.386,-1
-1.4468,-1.8015,-1
0.591,1.2559,-1
-0.37003,1.5497,-1
0.81401,-1.9519,-1
-1.1012,-1.0009,-1
1.9824,-1.7863,-1
-1.5945,-0.5928,-1
1.2724,-0.50486,-1
0.74336,0.80066,-1
-0.41932,-0.23415,1
1.5656,1.5163,-1
-0.47095,-1.1863,-1
-0.21605,-1.5758,-1
1.4895,-1.0589,-1
1.5401,0.44195,-1
-1.1688,0.38324,-1
1.1834,0.14008,-1
0.76572,0.60805,1
0.48071,1.0347,-1
-0.38113,-0.77651,1
-1.4158,-0.82324,-1
-1.814,0.074011,-1
-1.0173,0.88112,-1
-1.3081,1.6456,-1
-0.95945,-0.70477,-1
1.8267,-1.0999,-1
0.4357,-1.5355,-1
0.43424,-0.70334,1
-0.99768,-1.8375,-1
1.14,-0.68092,-1
-1.9549,-1.5653,-1
-1.5061,0.34008,-1
0.57439,1.5443,-1
1.606,1.5943,-1
-0.45893,0.14167,1
1.0693,1.0207,-1
1.5525,-0.33311,-1
-1.6961,-1.9035,-1
-0.58954,-1.1993,-1
1.856,-1.0936,-1
0.24294,0.23267,1
1.3982,-1.6914,-1
1.4071,-0.32068,-1
0.8955,0.31056,1
1.7837,1.3641,-1
0.78674,0.6974,-1
-1.7312,1.2446,-1
-0.83977,-1.6966,-1
-1.2113,0.28421,-1
-1.3705,-1.5764,-1
-0.81555,0.86196,-1
-0.97009,-0.72954,-1
-1.1346,0.75434,-1
0.1041,1.5062,-1
-0.71644,-1.9872,-1
-0.86127,-0.28225,1
-1.694,-0.64426,-1
1.5404,1.1429,-1
-1.4496,1.0845,-1
0.66501,0.6338,1
-1.9949,-0.43746,-1
1.5601,-1.0482,-1
-0.0066895,-1.5095,-1
1.7495,-1.1623,-1
-1.9322,0.4889,-1
0.78909,0.36946,1
1.1133,1.8662,-1
0.60995,0.059362,1
0.20634,1.7644,-1
0.069592,-1.0762,-1
-0.38015,0.23647,1
0.16246,-1.664,-1
-0.90539,1.2981,-1
-1.3791,-1.2983,-1
1.5299,0.2541,-1
-1.2481,1.254,-1
-0.25679,1.7961,-1
-0.54779,0.59832,1
1.5241,-1.2055,-1
1.205,-1.6701,-1
-1.9762,-0.53354,-1
0.35819,1.9375,-1
-0.37287,-0.87914,1
-1.8762,-1.09,-1
-0.27047,-1.4563,-1
-0.34715,1.6068,-1
1.5418,-0.27647,-1
-1.093,0.2444,-1
1.8987,-1.9424,-1
0.039395,-0.090211,1
1.2861,1.3362,-1
-1.1855,-1.7686,-1
-1.2323,-0.71816,-1
1.5593,-0.45675,-1
0.93002,0.90714,-1
1.009,1.869,-1
-0.38439,1.8809,-1
0.88713,0.50598,-1
-0.33265,1.4064,-1
1.9464,-0.8449,-1
0.15621,-0.49036,1
-0.30517,-1.0787,-1
-1.7161,1.9354,-1
1.3828,-1.9709,-1
0.62988,0.77378,1
-0.53078,-0.48308,1
0.79884,0.85558,-1
-0.90569,-1.4892,-1
-1.4202,-1.6898,-1
-0.781,0.2729,1
-1.5523,1.581,-1
1.9328,0.44379,-1
1.2433,1.2245,-1
-0.12894,-1.864,-1
-0.47836,0.47414,1
0.76982,-0.55449,1
-1.5809,-1.4381,-1
-1.8864,-1.4865,-1
-1.2035,-1.8559,-1
-0.94599,-0.39254,-1
1.9495,1.8929,-1
-1.1734,1.5604,-1
-1.7859,0.39987,-1
-1.6554,-0.41101,-1
-0.56766,-1.925,-1
1.3384,1.0889,-1
-1.8839,0.77877,-1
-1.4688,-1.8394,-1
-1.2546,0.93668,-1
1.802,1.2454,-1
1.9876,-1.7409,-1
1.8021,-0.053568,-1
1.8376,1.9742,-1
-1.093,-0.44122,-1
-0.9581,0.80689,-1
-0.46531,-1.1409,-1
1.5025,-0.0022064,-1
1.8364,-1.7775,-1
0.52268,-1.858,-1
-0.88551,-0.042781,1
-1.6279,-0.82063,-1
-1.1909,-1.7407,-1
0.97431,0.8007,-1
0.72677,-0.73752,-1
0.11772,1.1318,-1
1.3498,-1.277,-1
-0.13481,-1.9025,-1
-0.7105,1.1057,-1
0.34902,-0.34831,1
0.55817,-0.077511,1
-1.9301,-1.0127,-1
-1.853,-0.50876,-1
-1.7795,1.3621,-1
-1.7441,1.5217,-1
-1.7145,-1.0316,-1
1.8591,0.78729,-1
-1.6674,-0.9262,-1
-0.17894,-0.23683,1
1.8248,-1.615,-1
0.034544,-0.80359,1
-1.1588,1.8561,-1
1.9938,-0.33325,-1
1.8796,1.6887,-1
0.69259,0.50614,1
-1.694,0.80946,-1
-1.1532,0.2182,-1
-1.817,-0.47318,-1
0.022842,-0.18492,1
1.8006,1.6292,-1
0.31024,0.71582,1
-0.24221,-1.5308,-1
0.40802,-0.52029,1
-1.1418,1.3906,-1
0.69027,-0.90074,-1
-0.70457,-0.2485,1
0.53657,-0.72787,1
-0.57768,-1.4977,-1
-1.3897,0.56003,-1
-1.6621,0.78256,-1
0.9552,1.7203,-1
1.3497,1.1182,-1
-0.5301,-0.71977,1
-1.4918,0.4272,-1
-1.7067,-1.4355,-1
1.5689,-1.9772,-1
-1.0608,-0.31721,-1
1.0688,1.5773,-1
-0.051754,-1.3762,-1
1.1857,-0.75778,-1
-0.76558,1.8436,-1
0.034374,1.8715,-1
1.2285,1.4192,-1
1.0013,1.5669,-1
1.447,-0.64454,-1
0.21318,1.4994,-1
1.1826,-0.92284,-1
1.7994,1.1596,-1
0.98335,0.23668,-1
-1.7521,-1.7514,-1
-1.2386,0.43538,-1
0.9858,1.0357,-1
-1.5631,1.8291,-1
1.907,-1.7229,-1
1.0933,-1.1305,-1
1.9772,0.99026,-1
-0.73091,0.684,-1
0.9359,0.26775,1
1.2621,-1.4073,-1
-0.33835,1.8781,-1
-0.21341,1.9691,-1
0.30471,-0.78632,1
1.0507,-1.7849,-1
0.47576,1.8453,-1
-0.74087,-0.28582,1
1.2064,-1.1374,-1
1.0529,-0.75258,-1
-1.0171,1.738,-1
0.029894,1.8914,-1
-1.4119,-1.6422,-1
-1.4812,1.8626,-1
0.64262,0.44999,1
-1.7071,1.2051,-1
-1.1937,1.7549,-1
1.403,-1.6876,-1
0.38318,1.8011,-1
0.70925,-1.0315,-1
1.8598,-1.1311,-1
1.2218,-1.562,-1
1.0042,0.1563,-1
1.1938,-0.986,-1
-0.90451,1.3419,-1
-0.3485,-1.606,-1
-0.90631,1.1729,-1
-1.1406,0.24531,-1
-0.86156,-1.9975,-1
0.73814,0.13263,1
-0.26096,-1.1512,-1
0.23905,0.34632,1
-1.1971,-0.15166,-1
0.43962,0.75443,1
1.1548,-1.0186,-1
-1.7543,1.7497,-1
1.9559,0.74843,-1
0.48614,1.7221,-1
1.8975,-0.32827,-1
1.4187,1.2557,-1
-1.8426,-0.2398,-1
-0.2181,1.0499,-1
-0.70714,-1.9649,-1
-1.3802,1.9801,-1
1.496,-1.6998,-1
-0.59146,-1.3216,-1
-0.40081,0.056786,1
1.6445,1.1162,-1
-0.40729,-0.56487,1
-0.10027,-0.82658,1
1.5765,-1.3918,-1
0.75004,1.6211,-1
0.63997,-0.90878,-1
1.099,-0.63246,-1
1.2342,-1.8004,-1
-0.72813,-1.1815,-1
-1.9618,0.094742,-1
1.657,-1.0508,-1
-1.6099,0.36811,-1
1.4573,1.252,-1
1.8312,-0.45428,-1
1.4601,1.1315,-1
0.69559,0.86002,-1
0.22466,1.999,-1
-0.19458,-1.9188,-1
-0.68023,0.63666,1
-1.6483,0.13165,-1
-0.67369,1.8289,-1
1.3918,0.78136,-1
-1.6736,-0.12995,-1
-1.4403,-0.81361,-1
-0.85088,-0.31697,1
1.3121,-0.41525,-1
0.21917,-1.5862,-1
-0.71851,-0.087173,1
1.1187,1.1045,-1
1.5097,-0.10868,-1
0.28327,-0.72373,1
0.23792,-0.45117,1
0.84281,0.82531,-1
-0.67149,1.5897,-1
1.7507,1.0204,-1
-1.5301,-1.4573,-1
1.1769,-1.5304,-1
-0.68032,-1.6184,-1
-1.5417,-0.91008,-1
0.19804,-1.8002,-1
0.60298,-1.3388,-1
0.45246,1.8772,-1
1.0075,-1.2895,-1
-1.3495,-0.1568,-1
1.092,0.89346,-1
1.0858,-0.032505,-1
1.4186,0.24605,-1
0.17078,1.0218,-1
0.37734,1.8724,-1
-0.94746,-0.43531,-1
-0.017014,0.60719,1
1.9657,-1.7925,-1
-1.4617,1.572,-1
-0.67731,1.5533,-1
-1.9395,1.9685,-1
1.2414,-0.46473,-1
0.91041,-0.62703,-1
1.2041,0.83267,-1
-0.39937,0.45943,1
1.2774,1.4001,-1
0.7687,1.7723,-1
1.6614,1.9365,-1
0.56614,1.6104,-1
0.64511,-1.8744,-1
-1.9462,-1.6527,-1
1.4544,-0.55865,-1
-1.2474,-1.5615,-1
-0.94131,-0.40229,-1
-1.2753,0.95146,-1
0.15885,1.4929,-1
0.074538,-0.69615,1
0.80347,1.6167,-1
1.1383,0.59325,-1
-0.97791,-0.33025,-1
1.6605,1.3185,-1
-0.68964,1.9579,-1
-1.2937,-0.48401,-1
-1.0844,-0.058418,-1
-1.4418,0.46704,-1
0.29899,-0.36826,1
0.56874,0.49796,1
-1.0039,0.42769,-1
0.36088,1.2211,-1
-0.55725,0.36339,1
0.87833,-0.90859,-1
-0.6577,-0.14177,1
-0.087926,-0.27025,1
-1.1047,-0.56307,-1
-0.30231,1.6462,-1
0.48718,-0.6122,1
-1.6349,0.15215,-1
-1.4034,-1.1769,-1
-1.4019,-0.0078674,-1
-1.6449,-1.3463,-1
0.71188,0.088978,1
0.21147,0.85845,1
1.2236,-0.81089,-1
-0.39993,0.37012,1
0.29578,1.3762,-1
-0.91335,1.6063,-1
0.426,1.1188,-1
1.6524,-1.1254,-1
0.28726,0.53373,1
1.9409,0.85067,-1
-1.9277,-1.9869,-1
-0.15663,0.41431,1
0.015572,1.7687,-1
0.85665,-1.6516,-1
0.76239,-1.0978,-1
1.9708,1.6865,-1
-0.92479,-1.1969,-1
0.20442,-0.78613,1
-1.7636,0.71717,-1
-0.99396,-1.1394,-1
0.15274,-0.16878,1
-0.049201,0.068085,1
-0.78236,-0.29491,1
-1.4364,-0.037869,-1
-0.63164,-1.2498,-1
1.3562,-1.5807,-1
0.51987,1.7632,-1
-1.0159,-1.4847,-1
-0.085944,-0.66258,1
1.9725,1.2195,-1
0.90635,-1.4356,-1
-1.8833,0.17694,-1
0.21082,1.4763,-1
0.55486,1.7691,-1
-0.4874,-0.16708,1
-0.97965,-0.9478,-1
0.23315,-1.2632,-1
1.0189,0.79106,-1
-1.6143,-1.5043,-1
-0.33141,-1.3946,-1
-0.012634,0.808,1
1.4338,-0.3956,-1
0.38106,-1.0032,-1
0.55804,-0.82266,1
-1.7664,0.13163,-1
-0.059636,-1.3458,-1
-1.4843,-1.9233,-1
0.69095,-1.995,-1
1.0681,0.0021024,-1
-1.5078,1.6701,-1
0.87255,1.7835,-1
0.73351,-0.62661,1
-1.8653,0.16934,-1
1.7199,-0.60179,-1
0.12525,0.012524,1
-1.1865,-1.6416,-1
0.28085,-0.89139,1
0.75722,-0.4861,1
-0.94192,1.1383,-1
-0.26348,-1.4163,-1
1.1256,-0.42894,-1
1.6934,1.7129,-1
-0.42384,-1.0044,-1
-0.43993,0.92762,-1
0.66434,-0.77314,-1
1.8186,-0.10853,-1
1.6743,0.63384,-1
-0.52638,0.73479,1
0.25161,-0.25081,1
1.2016,-1.9061,-1
1.5933,-0.35698,-1
1.6972,1.3614,-1
-0.34764,1.6653,-1
-1.1869,0.31985,-1
-1.1999,1.3666,-1
-1.989,-0.5733,-1
1.9342,1.4058,-1
1.6819,1.5643,-1
1.1045,0.51278,-1
1.1773,-0.40329,-1
0.2066,-0.99607,-1
0.84567,1.9852,-1
-1.7495,0.54909,-1
-1.7534,1.0177,-1
0.42552,1.5192,-1
-1.0128,-0.14719,-1
-1.9927,-0.90196,-1
1.0648,-0.10386,-1
-0.29828,-1.8803,-1
1.9583,-1.0858,-1
-1.719,0.16144,-1
-1.502,-0.40176,-1
1.8737,1.0218,-1
1.5089,1.3278,-1
-1.0385,0.23994,-1
0.063682,0.2628,1
-1.6849,0.39386,-1
0.5424,0.26382,1
0.46483,-0.089004,1
0.71783,-0.63674,1
1.3584,1.2468,-1
1.0747,1.1923,-1
-1.7814,-0.87102,-1
-1.6721,-1.1512,-1
0.17207,-0.998,-1
-0.71152,-1.1462,-1
-1.0225,0.21435,-1
-1.9107,0.10291,-1
-1.3175,-0.78063,-1
1.8038,1.3354,-1
-0.64647,-1.6817,-1
-0.0085105,-0.39638,1
-0.5192,1.6,-1
0.64491,1.4987,-1
-0.13725,-1.0992,-1
1.5709,-1.0629,-1
-0.96179,1.7322,-1
0.72116,0.6019,1
0.1238,-0.87843,1
-1.8152,-1.529,-1
0.71278,0.83416,-1
-0.80672,0.30548,1
-1.5786,-1.4894,-1
-0.12993,-1.3404,-1
0.72918,0.88776,-1
1.1199,-1.8888,-1
1.3105,-0.93572,-1
-0.28771,1.8463,-1
0.017234,-1.9017,-1
0.53689,1.183,-1
0.90681,1.1369,-1
-0.34816,-1.6112,-1
-0.57474,0.85749,-1
-0.71381,-1.8141,-1
-0.15024,-1.7512,-1
0.65619,1.1568,-1
0.58399,1.1021,-1
-0.62445,1.9495,-1
0.35753,1.7806,-1
1.3868,0.93154,-1
-1.2882,1.8316,-1
-0.81379,-1.4809,-1
-1.8168,0.67311,-1
1.1999,-0.47963,-1
1.1844,0.15614,-1
-0.41716,1.7492,-1
-0.72026,1.5758,-1
1.9675,-1.1011,-1
0.20365,-1.6495,-1
-1.9417,-1.1382,-1
1.4367,0.72331,-1
0.37524,-0.26912,1
1.4455,-0.058874,-1
1.1082,0.88146,-1
-1.5804,-0.73066,-1
-0.42322,1.3458,-1
1.9039,1.278,-1
0.041959,-0.78754,1
-0.42612,1.2562,-1
0.22107,-1.8953,-1
1.9017,1.3494,-1
-0.20844,-0.042895,1
1.4563,-1.5893,-1
-1.4283,0.31555,-1
-1.6173,-1.3926,-1
-0.60908,1.6782,-1
-1.709,0.90787,-1
0.17776,-1.4169,-1
1.8616,-1.1689,-1
-0.87531,-0.031732,1
-1.6795,-0.83218,-1
-1.4168,0.65044,-1
-1.3478,-1.5929,-1
0.15431,1.0796,-1
-0.12416,-0.82164,1
-0.93874,-1.3548,-1
0.69815,-0.9743,-1
-1.5018,1.8824,-1
-0.99294,-1.1836,-1
0.35668,1.6211,-1
-0.59561,-1.3547,-1
0.091095,-0.1148,1
-0.65932,1.7493,-1
-1.9059,-1.457,-1
-0.39328,1.141,-1
0.018734,0.65672,1
-1.4816,0.92468,-1
0.45188,-1.2969,-1
1.8538,-0.52606,-1
-1.6414,0.83288,-1
-0.76535,-0.34719,1
0.11686,-1.0174,-1
-0.21034,1.5289,-1
1.7599,0.77907,-1
0.88442,0.7203,-1
0.95153,-1.8761,-1
0.55653,0.58682,1
-1.8587,-1.7749,-1
0.56646,0.95163,-1
-0.72564,1.938,-1
-1.5956,0.81052,-1
-1.6761,0.97976,-1
1.6086,0.31771,-1
-0.98906,1.7957,-1
-0.020369,-1.6204,-1
-0.44755,1.6603,-1
-0.94549,-0.040253,1
-0.94754,-0.6674,-1
0.79811,1.4334,-1
-1.7731,-1.8949,-1
1.1549,-1.1409,-1
-0.83079,-0.061146,1
1.3578,1.595,-1
-0.061463,0.89316,1
-1.0661,1.4785,-1
-1.1179,-0.37211,-1
-0.74286,-1.6207,-1
1.9817,-1.8823,-1
-1.2435,0.056281,-1
1.402,0.0026811,-1
1.3756,1.1496,-1
0.11327,1.2656,-1
0.65949,0.92107,-1
-0.52153,1.0841,-1
-0.73025,-0.66964,1
1.2413,0.35095,-1
-1.5895,1.2223,-1
-1.1489,-1.3507,-1
-0.21431,0.38297,1
-0.4538,1.7888,-1
1.0986,-0.25656,-1
-0.10308,-0.95517,1
1.1872,1.7365,-1
-1.9006,-1.2865,-1
1.9966,1.9698,-1
-0.86779,0.88766,-1
1.0713,0.11793,-1
-1.8597,-0.8781,-1
1.4814,-1.4982,-1
0.97178,-1.4696,-1
-1.5628,0.98619,-1
1.4665,-0.6338,-1
1.2861,-0.5154,-1
-1.9848,-0.36308,-1
0.64105,1.3345,-1
0.52946,0.47509,1
-1.1581,-1.3165,-1
-0.26021,-1.6397,-1
1.7324,-1.0209,-1
-0.17087,-1.6403,-1
-1.5599,-1.2917,-1
0.71957,-1.267,-1
1.8869,-0.81555,-1
-0.25849,0.51331,1
-1.0482,1.0549,-1
1.5497,0.05105,-1
1.8111,0.73891,-1
-0.43338,-0.76694,1
1.0533,-0.83113,-1
-1.5998,-0.46552,-1
-1.1046,-0.77168,-1
-1.5901,-0.3504,-1
-1.9143,-0.1972,-1
0.067713,-1.075,-1
-0.96526,1.6731,-1
-1.8644,1.2834,-1
0.99873,1.8065,-1
0.16685,1.3179,-1
1.5278,-1.057,-1
0.24556,0.41086,1
1.8748,0.16235,-1
1.0099,1.1177,-1
1.7971,1.5082,-1
0.95526,-0.52878,-1
-0.9459,1.2671,-1
-1.6501,0.84083,-1
0.74354,0.78637,-1
1.2419,-1.053,-1
-1.3968,-1.4575,-1
-0.74475,-0.8193,-1
-0.051886,-1.4931,-1
0.81452,-0.46014,1
0.38434,1.8584,-1
-1.7826,-1.0936,-1
1.8846,-0.87012,-1
0.29749,0.90285,1
0.29777,-1.4192,-1
0.30862,1.3817,-1
0.40368,1.0604,-1
-1.4559,1.2425,-1
-1.8603,1.5984,-1
-0.34465,1.5443,-1
-0.9082,-1.9375,-1
0.75859,0.22332,1
1.9424,1.1144,-1
-1.0123,-1.6829,-1
1.0654,-1.0315,-1
0.66664,-0.1783,1
0.14527,-0.13922,1
1.6021,1.5566,-1
0.66768,-0.92227,-1
0.17354,-1.5006,-1
-1.6429,-1.0544,-1
-1.8888,-0.97209,-1
1.8392,-1.6818,-1
0.92897,0.68043,-1
1.5626,0.09939,-1
1.581,0.73557,-1
1.1773,-0.034091,-1
0.14087,-0.87029,1
-0.6304,0.096484,1
-0.87686,1.6993,-1
-0.10215,1.0119,-1
-1.9657,-0.012598,-1
-0.3008,1.5694,-1
0.87195,1.6666,-1
-0.35786,-0.1798,1
0.41828,-0.69476,1
0.36353,-0.65284,1
1.9144,-0.97372,-1
-0.89609,-1.0602,-1
-1.8289,-0.56015,-1
1.4826,-0.86638,-1
1.5514,1.9426,-1
-0.5122,-0.031513,1
-1.4045,0.76311,-1
-1.3227,-1.3824,-1
-1.3487,-0.2268,-1
0.38088,-1.3578,-1
1.4059,-0.3943,-1
-1.8235,0.38687,-1
0.36044,1.3791,-1
-1.0088,1.6358,-1
-1.126,-1.4234,-1
0.91378,0.24117,1
-1.2677,-0.44691,-1
-1.5722,-0.78969,-1
-0.18757,0.99714,-1
-1.2251,1.9016,-1
-0.51216,-0.574,1
-1.265,0.023337,-1
1.5471,1.1818,-1
-1.1461,0.75153,-1
0.1711,-0.95021,1
-1.3389,0.50555,-1
-0.20691,-0.855,1
1.2904,-1.4767,-1
-0.10984,1.0393,-1
1.518,0.56465,-1
0.62565,0.064404,1
0.19164,0.78788,1
0.074243,-0.22979,1
-0.29857,-1.2959,-1
1.2485,1.815,-1
0.56812,-1.9142,-1
-1.2629,0.29119,-1
1.9908,1.9815,-1
-0.04645,-1.3289,-1
0.036942,0.021066,1
1.0567,-0.36252,-1
0.69836,1.7528,-1
0.90117,-0.033708,1
-1.111,0.81079,-1
-0.46766,-0.54527,1
-0.61535,-0.60107,1
1.3674,1.7459,-1
1.9011,0.89794,-1
-0.8713,1.3158,-1
1.9023,-0.046405,-1
0.40868,0.27066,1
-1.2522,0.91688,-1
-0.14668,0.66831,1
-1.5033,-1.0032,-1
0.79986,-0.79958,-1
1.0337,-0.079228,-1
-0.081009,1.8306,-1
0.73248,0.58566,1
0.8722,0.72237,-1
-1.1489,1.7698,-1
-1.4383,1.992,-1
-0.07723,-0.32882,1
1.9976,1.063,-1
1.5232,-0.21136,-1
-1.8443,0.69618,-1
1.7945,-1.622,-1
1.5714,0.74199,-1
-1.1507,-0.86168,-1
1.9278,-1.0624,-1
-0.98181,-0.96303,-1
0.50743,1.8776,-1
0.075068,1.1431,-1
-0.020636,0.82437,1
-1.0136,1.9293,-1
-1.745,0.76478,-1
-1.3262,-1.1824,-1
0.6595,0.054988,1
0.82431,-0.11308,1
1.4323,-0.12286,-1
-0.9207,1.7927,-1
-1.9101,0.37401,-1
0.23252,-1.3585,-1
-1.2041,1.8646,-1
1.681,0.41915,-1
-0.89961,1.1005,-1
-1.0842,0.33756,-1
0.072599,0.77431,1
-0.97576,1.3132,-1
-1.9354,-1.1238,-1
1.9059,-0.99981,-1
1.5951,0.37445,-1
1.8368,-1.3257,-1
1.3781,0.65017,-1
-0.47614,0.92567,-1
-1.6416,-1.4322,-1
0.93095,-0.31687,1
0.73029,-1.1474,-1
-0.25932,-0.87332,1
-1.4272,0.74103,-1
-0.77158,1.0509,-1
0.72127,-0.58007,1
0.01578,0.39081,1
0.93863,-1.3118,-1
0.59208,-1.0068,-1
-1.7287,-1.7896,-1
1.9788,-1.334,-1
-1.2754,1.1768,-1
-0.15818,-1.7502,-1
0.24297,-1.6225,-1
0.62477,-0.26398,1
1.2489,-1.9529,-1
1.1055,-1.3123,-1
-0.81371,1.9255,-1
-1.2791,0.17402,-1
1.3677,1.6618,-1
0.61782,1.8936,-1
0.43175,-1.5102,-1
-0.090177,-1.9779,-1
0.44632,-1.9431,-1
-0.48687,1.8926,-1
1.4654,-0.55909,-1
-0.078945,-0.22255,1
-0.15593,-0.27416,1
-0.79349,-1.1791,-1
0.21878,-0.1177,1
0.30384,0.76482,1
-1.4232,-0.21475,-1
0.8849,-0.33013,1
-1.1997,-1.0789,-1
-0.88186,1.4416,-1
0.79457,1.7601,-1
-1.2376,-0.73457,-1
-0.31228,1.8824,-1
-1.1692,1.5529,-1
-1.4453,1.2882,-1
1.255,0.57849,-1
-0.68617,1.34,-1
-0.077659,-1.8105,-1
-1.732,0.36546,-1
-1.6718,1.9696,-1
-0.73016,-0.97425,-1
-0.74169,-1.5753,-1
-0.64762,-1.0287,-1
0.61612,-0.70862,1
-0.31912,0.23243,1
1.3283,-0.8147,-1
1.4969,0.83472,-1
0.19877,-0.25671,1
-0.64794,1.3847,-1
0.16793,-1.0037,-1
-0.99711,1.2842,-1
-0.52731,1.3027,-1
1.3989,-0.97963,-1
1.4611,0.93457,-1
-1.7035,0.65535,-1
1.7799,1.1437,-1
-1.9387,1.0152,-1
-1.6829,1.9893,-1
1.0154,1.0816,-1
-0.50854,1.5249,-1
-1.1623,-0.59779,-1
1.345,1.2394,-1
1.4324,1.8813,-1
1.0909,-1.0517,-1
-0.60763,-0.30934,1
1.8704,1.9859,-1
-0.69962,0.44709,1
0.25643,-1.926,-1
-1.1144,1.8328,-1
0.34834,-1.7807,-1
-0.73317,1.8742,-1
0.81981,-0.33582,1
-1.7129,1.4041,-1
-1.6359,1.5499,-1
-1.261,-0.072954,-1
-1.2297,-1.639,-1
-1.3741,-0.034539,-1
-0.91055,0.50894,-1
-1.2691,0.42077,-1
-1.8588,0.31776,-1
-1.7162,0.69052,-1
-1.9102,-0.43687,-1
0.4531,-1.8402,-1
-0.91624,-1.6461,-1
-0.1213,1.9656,-1
-1.2971,-0.94843,-1
1.2444,-1.8254,-1
-1.9227,0.95302,-1
0.052983,-0.58525,1
1.671,1.0516,-1
0.99287,1.1364,-1
1.1186,-1.8868,-1
-0.53811,1.2135,-1
1.8526,1.6542,-1
-0.58013,1.8213,-1
1.4943,1.7472,-1
0.93944,1.5436,-1
-0.3105,1.3444,-1
0.056993,1.6431,-1
-0.65666,0.27217,1
-1.5418,1.5242,-1
1.147,-1.1575,-1
-0.098656,1.1431,-1
-1.4255,-0.32195,-1
-0.054176,0.52394,1
1.6278,1.9805,-1
-0.24167,-1.4288,-1
0.63019,-0.52452,1
-0.15774,-1.9326,-1
-1.5364,0.062759,-1
-0.60354,0.47089,1
-0.80865,-1.4119,-1
-1.9798,-1.5703,-1
-1.3337,1.8302,-1
1.4984,1.6039,-1
0.94037,1.2064,-1
-1.7204,-1.6462,-1
-1.4031,-1.8993,-1
1.7585,1.3391,-1
1.5237,-1.4106,-1
-0.70131,1.7019,-1
-0.14709,1.7339,-1
0.87132,-1.5716,-1
-0.2862,1.5104,-1
0.14377,-0.37468,1
1.8011,-1.4434,-1
-0.0078359,1.1869,-1
1.27,-1.4684,-1
0.94291,-0.047192,1
-1.3672,1.0349,-1
1.1665,1.8267,-1
-1.9453,1.7693,-1
0.89396,-0.71182,-1
-0.030229,1.6961,-1
-0.65038,0.50707,1
1.0193,0.57869,-1
0.82596,0.44505,1
-0.22975,-1.8084,-1
1.2864,0.70717,-1
1.2641,1.8638,-1
1.2647,1.6964,-1
0.004242,-0.33499,1
-1.3451,-0.71213,-1
0.33609,-1.5035,-1
1.6365,0.99344,-1
-0.84148,-0.72936,-1
-0.58324,-1.8819,-1
-0.68083,0.91884,-1
0.90823,0.73104,-1
0.79342,0.057902,1
-0.88493,1.2319,-1
1.4686,1.5814,-1
-1.6588,1.9697,-1
-1.7267,-0.3819,-1
1.873,-1.0475,-1
0.5003,-1.4521,-1
1.0807,-0.26801,-1
-1.4184,1.3609,-1
-0.7446,0.7344,-1
-1.9974,-0.78507,-1
0.23783,-0.51137,1
1.6885,-1.2878,-1
-0.21871,-0.56497,1
-0.60294,-0.97697,-1
0.052245,-0.4635,1
-1.6429,-1.2152,-1
1.0551,-0.20952,-1
-0.44643,-1.6696,-1
-1.4086,-0.95471,-1
-0.45973,-0.10962,1
-0.90995,-0.26895,1
-0.80301,-1.9182,-1
-1.9539,-1.3661,-1
-1.0445,0.64647,-1
-0.15242,0.33991,1
-1.4366,-1.2752,-1
-0.49674,-0.60289,1
-0.18953,0.50866,1
0.10738,0.047762,1
0.2056,1.3667,-1
-0.67051,-1.5909,-1
-1.1402,1.8455,-1
-1.4035,-1.384,-1
0.24183,0.93982,1
-0.68544,1.9697,-1
0.6147,-0.12096,1
1.1656,-0.14345,-1
1.2436,0.4416,-1
0.73171,1.8387,-1
-0.86974,-0.87217,-1
0.08264,1.7327,-1
0.20724,-0.97942,-1
-0.073505,1.1287,-1
-1.4304,-0.76776,-1
-0.63255,-0.91521,-1
1.4597,-1.4135,-1
-1.013,1.9332,-1
-1.2541,-1.749,-1
0.10518,0.98777,1
-0.46957,-0.78766,1
1.3773,0.74571,-1
0.83604,0.57841,-1
0.74057,-1.5258,-1
-0.76066,-0.25749,1
-1.9422,-0.87907,-1
-0.70569,-1.4804,-1
0.99821,0.1764,-1
-1.1072,-0.67571,-1
1.8215,-1.7428,-1
-1.9377,-1.6498,-1
1.2496,-0.36209,-1
-1.2115,0.92656,-1
-0.98431,1.3785,-1
-0.20138,-0.36703,1
0.33064,0.7937,1
0.37482,-0.27001,1
1.868,-1.1309,-1
-0.095791,0.87502,1
0.48727,-0.35782,1
0.46885,1.672,-1
0.47031,0.57942,1
-0.5038,-0.46701,1
0.77829,-0.57798,1
-0.78129,-1.3303,-1
-0.48482,0.30599,1
1.0266,0.76524,-1
0.028101,0.43035,1
0.4602,1.7857,-1
-0.39167,1.0296,-1
-1.208,-1.1669,-1
0.016899,0.452,1
-0.11954,0.81936,1
-1.443,1.4153,-1
-0.12888,-0.034105,1
-0.080072,1.4495,-1
-1.8314,0.73272,-1
-1.6348,-1.5121,-1
-0.72641,1.7536,-1
1.9815,-1.9724,-1
0.4735,-1.3499,-1
1.0231,0.52569,-1
-0.89551,-1.1761,-1
0.13589,0.72656,1
-1.9097,0.20141,-1
1.294,1.1318,-1
-1.0361,-0.91652,-1
0.60842,-1.0021,-1
0.51565,1.7419,-1
-1.3614,-1.4002,-1
1.0284,-1.1072,-1
-0.67265,0.27801,1
-1.0549,0.67519,-1
0.84311,-0.85686,-1
-0.6909,0.097132,1
0.060564,-1.1187,-1
-0.27156,0.26245,1
1.1952,-0.54084,-1
0.17147,-0.039536,1
1.6713,-0.24258,-1
-1.4429,1.7374,-1
1.606,1.7799,-1
-0.89487,1.3957,-1
1.7747,-1.594,-1
-1.7398,1.3001,-1
0.20395,-0.8497,1
-1.9515,0.10923,-1
-1.4399,-1.5881,-1
1.4242,-0.19416,-1
0.55468,-0.79235,1
1.3195,0.46421,-1
0.79625,-0.56555,1
-1.4409,0.44505,-1
0.67575,1.4126,-1
-0.13329,1.4155,-1
1.7038,0.1861,-1
1.5406,0.55544,-1
0.82784,-0.73621,-1
0.57361,-1.6885,-1
-0.97383,-1.9532,-1
0.81419,0.54906,1
0.94247,-0.075462,1
1.0552,-1.8144,-1
-0.421,0.20199,1
-1.7509,-0.62875,-1
0.80103,-1.9192,-1
-0.41754,0.57834,1
1.3423,0.19841,-1
-1.0231,-0.3404,-1
1.8449,1.2188,-1
1.6269,-1.3657,-1
-0.72509,1.0087,-1
1.069,-0.050486,-1
1.0216,-0.31869,-1
0.38617,0.72495,1
-1.4291,1.9773,-1
-1.8124,1.9323,-1
1.452,1.9926,-1
0.36985,0.07962,1
-1.6814,0.65864,-1
-1.0116,1.2419,-1
1.3879,-1.091,-1
-1.7108,0.68467,-1
1.2583,0.074261,-1
1.5373,-1.0346,-1
-0.51902,-0.24656,1
1.2014,0.49055,-1
1.2427,0.65313,-1
-1.2858,0.61259,-1
0.77717,1.6787,-1
0.64391,0.42862,1
1.9603,-1.7721,-1
-0.46594,-0.33888,1
0.92202,-0.10794,1
-1.6952,-0.8683,-1
-1.7015,-0.91525,-1
0.13954,0.33276,1
-0.46062,0.1415,1
-0.4991,-0.56346,1
1.8917,0.1928,-1
0.8523,-1.6363,-1
-0.61644,-0.85291,-1
-1.025,-0.03277,-1
1.0226,0.23964,-1
1.5395,-0.31486,-1
-0.61371,0.044705,1
-1.7063,-0.41631,-1
0.21117,-1.4051,-1
-0.33324,1.5384,-1
-1.1021,-0.58137,-1
-0.087088,0.3293,1
-0.0027793,0.35348,1
0.41165,0.51881,1
-0.85679,0.41884,1
0.15828,0.83429,1
0.078049,0.88574,1
-0.087235,-0.35003,1
0.32383,-1.2576,-1
-0.43666,-1.9044,-1
1.6822,-0.37662,-1
0.70556,1.4637,-1
-0.83414,1.4995,-1
1.8545,1.2247,-1
-1.9344,0.18556,-1
-1.1117,0.75885,-1
1.3149,0.71586,-1
1.1153,1.2497,-1
-0.78913,-1.4776,-1
1.4594,-1.3211,-1
1.7093,0.80681,-1
1.0059,-0.59393,-1
-0.23083,0.51909,1
0.17044,1.3191,-1
1.5004,-0.96923,-1
1.9099,1.4673,-1
0.38219,1.8043,-1
0.34596,-0.17794,1
1.532,-0.69522,-1
1.1647,-1.3689,-1
0.049231,1.2404,-1
0.19965,1.2252,-1
0.55807,0.75163,1
-0.67542,-1.1048,-1
-0.68475,-0.66592,1
-1.4064,-1.7991,-1
0.90859,-1.3354,-1
-0.52344,-0.43107,1
0.4257,1.5727,-1
-1.9726,0.65377,-1
-1.4443,-0.68326,-1
1.8573,1.2985,-1
0.88187,-1.0313,-1
1.6614,1.6295,-1
0.91158,-0.83408,-1
-0.0092434,0.49279,1
0.54926,1.227,-1
-0.061106,-1.8721,-1
-0.35345,1.5173,-1
-0.90474,1.9542,-1
1.539,0.5972,-1
1.621,-0.48532,-1
-0.1691,0.92505,1
-0.32206,1.6799,-1
0.2063,-0.018515,1
1.1616,-1.2768,-1
-1.7651,-0.10635,-1
-0.13688,-1.7143,-1
1.0982,1.6652,-1
0.81693,0.047197,1
0.70538,-0.98173,-1
1.1025,-0.38173,-1
-0.18104,1.8367,-1
-1.097,0.6284,-1
1.7454,1.0772,-1
0.49129,-1.5418,-1
0.9333,-0.94403,-1
1.3456,1.245,-1
0.37812,1.0347,-1
-0.42085,-0.30725,1
0.4729,0.75857,1
0.70867,0.75048,-1
-1.9307,-1.2689,-1
0.95575,-1.9511,-1
-1.7812,-1.8866,-1
-1.027,-1.5941,-1
0.91635,1.3722,-1
